728 57.0
719 56.0
724 56.0
712 55.0
710 55.0
707 54.0
704 54.0
698 53.0
691 52.0
690 52.0
688 51.0
684 51.0
681 51.0
678 50.0
676 50.0
667 49.0
667 49.0
659 48.0
659 48.0
651 47.0
650 47.0
643 46.0
626 44.0
617 43.0
612 42.0
589 40.0
589 40.0
586 39.0
584 39.0
579 38.0
566 37.0
567 37.0
548 35.0
546 35.0
532 33.0
532 33.0
517 32.0
519 32.0
500 30.0
498 30.0
477 29.0
464 27.5
443 25.0
428 24.0
429 24.0
419 23.0
417 23.0
403 22.0
390 21.0
364 19.0
350 18.0
352 18.0
352 18.0
338 17.0
824 74.0
815 71.0
807 70.0
807 69.0
805 68.0
798 67.0
792 66.0
787 65.0
782 64.0
777 63.0
769 62.0
766 61.0
754 60.0
750 59.0
743 58.0
739 58.0
728 57.0
725 56.0
721 55.0
718 55.0
706 53.0
697 52.0
694 52.0
691 51.0
688 51.0
680 50.0
677 50.0
672 49.0
663 48.0
663 48.0
657 47.0
656 47.0
653 46.0
649 46.0
644 45.0
642 45.0
630 44.0
630 44.0
622 43.0
622 43.0
613 42.0
612 42.0
604 41.0
597 40.0
580 38.0
571 37.0
567 37.0
557 36.0
555 36.0
552 35.0
549 35.0
537 34.0
538 34.0
531 33.0
533 33.0
509 31.0
507 31.0
496 30.0
